eval_loss = 0.0921078473329544
eval_accuracy = 0.43808155446086483
eval_f1 = 0.15178785940714323
eval_matthews_correlation = 0.34226366351321397
eval_precision = 0.10954803414330622
eval_recall = 0.24710067542520409
eval_runtime = 19.8248
eval_samples_per_second = 737.259
eval_steps_per_second = 46.104
epoch = 5.0
eval_loss = 0.06525087356567383
eval_accuracy = 0.44040777230432404
eval_f1 = 0.15258366455998973
eval_matthews_correlation = 0.34590353568517274
eval_precision = 0.11011060923810351
eval_recall = 0.24841758728726213
eval_runtime = 11.529
eval_samples_per_second = 1267.761
eval_steps_per_second = 79.278
epoch = 5.0
