eval_loss = 0.05231048911809921
eval_accuracy = 0.4837920489296636
eval_f1 = 0.16298928632551957
eval_matthews_correlation = 0.38946706041373774
eval_precision = 0.12097482089052303
eval_recall = 0.24971603584812607
eval_runtime = 82.004
eval_samples_per_second = 638.017
eval_steps_per_second = 39.876
epoch = 5.0
