eval_loss = 0.12047266215085983
eval_accuracy = 0.4855829213067788
eval_f1 = 0.16290159153136918
eval_matthews_correlation = 0.39009508713692365
eval_precision = 0.12139526764952363
eval_recall = 0.2475372193161965
eval_runtime = 124.2462
eval_samples_per_second = 696.714
eval_steps_per_second = 43.551
epoch = 5.0
