eval_loss = 0.10264799743890762
eval_accuracy = 0.4749435665914221
eval_f1 = 0.16082961686951402
eval_matthews_correlation = 0.38084905851670114
eval_precision = 0.11873722357228463
eval_recall = 0.24915800530692667
eval_runtime = 40.5498
eval_samples_per_second = 983.235
eval_steps_per_second = 61.455
epoch = 5.0
